00013
00014
00015
00016
00020
00022
00024
00025
00035
00039
00040
00041
00043
00045
00063
00066
00067
00069
00070
00071
00073
00078
00082
00085
00086
00087
00089
00090
00091
00097
00103
00104
00107
00111
00112
00113
00120
00125
00131
00132
00134
00136
00139
00141
00142
00148
00151
00153
00167
00180
00183
00185
00190
00194
00196
00211
00212
00213
00214
00215
00216
00217
00218
00219
00231
00235
00239
00251
00252
00260
00265
00266
00267
00268
00270
00273
00277
00278
00283
00292
00309
00310
00311
00312
00320
00322
00323
00324
00326
00327
00328
00329
00331
00332
00333
00334
00336
00346
00353
00356
00357
00358
00361
00378
00380
00381
00382
00385
00388
00389
00396
00398
00403
00414
00415
00416
00417
00422
00427
00428
00433
00434
00436
00438
00441
00445
00447
00452
00453
00454
00455
00459
00460
00461
00462
00463
00464
00465
00466
00470
00474
00475
00490
00504
00508
00509
00514
00520
00521
00524
00526
00535
00538
00539
00540
00550
00556
00559
00562
00565
00568
00573
00578
00579
00585
00587
00590
00593
00607
00608
00609
00611
00612
00614
00615
00616
00617
00618
00624
00629
00630
00632
00641
00644
00651
00652
00672
00675
00676
00679
00681
00682
00683
00684
00686
00688
00689
00692
00694
00712
00713
00727
00729
00732
00735
00750
00752
00758
00759
00760
00767
00770
00781
00783
00784
00785
00786
00789
00790
00791
00793
00795
00796
00797
00798
00804
00807
00808
00810
00811
00813
00817
00818
00820
00822
00834
00842
00844
00846
00847
00850
00851
00852
00855
00856
00859
00860
00862
00864
00868
00869
00870
00872
00874
00875
00887
00891
00892
00899
00900
00908
00909
00910
00912
00914
00915
00931
00932
00933
00934
00938
00939
00943
00950
00953
00962
00964
00965
00966
00969
00977
00978
00979
00991
00992
01002
01011
01017
01018
01027
01033
01037
01041
01046
01047
01048
01049
01051
01052
01063
01066
01072
01078
01084
01085
01088
01103
01104
01107
01108
01109
01110
01111
01112
01113
01121
01124
01128
01129
01130
01131
01132
01133
01134
01135
01136
01137
01138
01139
01141
01145
01146
01157
01167
01172
01175
01176
01177
01178
01182
01194
01204
01207
01208
01209
01217
01218
01229
01232
01235
01253
01255
01256
01257
01260
01265
01277
01279
01292
01296
01305
01309
01310
01313
01315
01321
01322
01325
01326
01327
01329
01330
01331
01332
01338
01341
01342
01343
01358
01364
01365
01371
01372
01375
01380
01382
01384
01387
01394
01396
01416
01417
01423
01429
01430
01431
01440
01443
01444
01445
01450
01451
01464
01467
01468
01469
01470
01474
01476
01499
01500
01504
01510
01515
01516
01517
01520
01523
01529
01533
01539
01545
01565
01567
01568
01569
01572
01576
01581
01586
01588
01589
01590
01591
01595
01602
01607
01615
01626
01631
01632
01640
01641
01644
01646
01648
01649
01651
01654
01655
01656
01661
01669
01675
01683
01685
01688
01700
01703
01708
01713
01715
01717
01722
01723
01724
01727
01728
01729
01746
01747
01748
01751
01752
01753
01754
01756
01757
01760
01768
01772
01773
01778
01779
01780
01785
01791
01795
01799
01803
01804
01805
01807
01811
01815
01816
01818
01819
01820
01821
01822
01830
01831
01834
01837
01841
01845
01846
01860
01861
01863
01866
01867
01873
01876
01879
01880
01881
01883
01884
01885
01894
01896
01901
01905
01907
01908
01914
01926
01927
01928
01929
01931
01932
01933
01934
01935
01936
01937
01938
01939
01940
01942
01947
01954
01957
01962
01964
01970
01972
01984
01985
01989
01993
01995
01999
02004
02014
02034
02035
02037
02038
02043
02045
02046
02052
02055
02059
02069
02072
02073
02090
02093
02095
02102
02103
02104
02105
02106
02109
02110
02111
02112
02118
02119
02124
02152
02156
02167
02172
02174
02175
02176
02177
02179
02182
02186
02187
02188
02192
02195
02212
02216
02223
02225
02230
02232
02233
02234
02235
02236
02240
02243
02245
02259
02269
02270
02271
02272
02273
02275
02281
02285
02286
02288
02291
02292
02293
02294
02298
02300
02301
02302
02303
02304
02306
02309
02310
02312
02313
02319
02328
02340
02354
02360
02368
02373
02375
02380
02381
02398
02414
02415
02416
02417
02418
02419
02427
02428
02429
02430
02431
02432
02433
02434
02436
02439
02440
02442
02448
02455
02458
02461
02462
02463
02465
02471
02473
02477
02481
02488
02507
02510
02512
02514
02518
02521
02523
02527
02528
02558
02559
02562
02567
02570
02571
02572
02574
02575
02577
02580
02583
02585
02598
02599
02600
02602
02616
02617
02618
02619
02620
02624
02625
02627
02629
02631
02632
02634
02635
02636
02637
02638
02640
02641
02642
02646
02647
02651
02652
02653
02654
02656
02657
02675
02678
02679
02687
02688
02692
02721
02722
02723
02724
02725
02728
02731
02740
02744
02748
02750
02753
02754
02756
02758
02759
02760
02777
02783
02787
02788
02789
02793
02805
02809
02812
02817
02820
02822
02824
02825
02826
02848
02850
02858
02859
02860
02888
02889
02890
02891
02892
02900
02910
02912
02914
02915
02917
02918
02919
02920
02921
02923
02930
02935
02941
02951
02958
02960
02966
02981
02983
02984
02985
02986
02993
02995
03002
03003
03010
03011
03012
03013
03014
03016
03017
03018
03020
03023
03028
03032
03036
03038
03042
03044
03053
03055
03062
03068
03072
03074
03078
03080
03083
03085
03088
03098
03100
03102
03107
03108
03109
03111
03113
03114
03115
03117
03119
03127
03128
03131
03134
03137
03149
03152
03153
03154
03157
03163
03166
03169
03175
03178
03180
03187
03188
03189
03190
03202
03204
03207
03209
03218
03224
03227
03252
03253
03254
03258
03268
03273
03274
03278
03279
03281
03282
03283
03284
03285
03286
03287
03288
03290
03291
03297
03302
03303
03307
03308
03309
03310
03311
03312
03335
03336
03344
03348
03358
03367
03369
03370
03375
03380
03382
03386
03393
03394
03399
03401
03402
03406
03416
03417
03418
03420
03421
03424
03427
03445
03454
03455
03462
03467
03474
03475
03477
03478
03479
03482
03485
03491
03494
03497
03498
03505
03506
03519
03521
03522
03523
03524
03534
03536
03537
03539
03540
03547
03548
03550
03557
03580
03584
03585
03593
03594
03602
03603
03626
03641
03643
03645
03647
03648
03649
03654
03673
03675
03679
03687
03690
03692
03695
03698
03701
03704
03711
03712
03717
03718
03724
03726
03732
03733
03734
03735
03743
03749
03755
03756
03767
03775
03776
03782
03784
03785
03786
03797
03813
03816
03818
03819
03822
03826
03827
03830
03831
03842
03843
03847
03864
03866
03868
03870
03876
03877
03878
03879
03880
03881
03882
03883
03884
03885
03887
03905
03907
03921
03922
03924
03926
03927
03928
03929
03930
03942
03944
03945
03947
03949
03950
03953
03954
03964
03965
03968
03970
03977
03980
03988
03992
03998
04007
04009
04011
04013
04015
04016
04018
04019
04021
04029
04030
04031
04034
04045
04053
04058
04059
04069
04071
04072
04074
04075
04076
04078
04080
04083
04084
04085
04086
04098
04099
04103
04104
04107
04122
04123
04127
04128
04133
04139
04146
04155
04158
04161
04172
04182
04184
04185
04190
04192
04199
04200
04210
04211
04212
04214
04222
04235
04247
04249
04255
04257
04259
04261
04262
04264
04266
04274
04276
04277
04286
04291
04294
04302
04311
04312
04313
04314
04315
04316
04317
04319
04320
04335
04338
04340
04342
04346
04347
04350
04359
04360
04370
04382
04385
04388
04392
04393
04400
04401
04404
04419
04436
04439
04447
04448
04451
04452
04454
04460
04492
04497
04498
04501
04502
04503
04505
04507
04509
04527
04529
04531
04533
04541
04546
04553
04554
04557
04560
04568
04569
04570
04572
04577
04578
04582
04586
04597
04599
04600
04604
04611
04612
04616
04617
04618
04622
04624
04626
04628
04630
04633
04641
04646
04650
04655
04656
04657
04660
04661
04662
04663
04666
04675
04676
04687
04688
04691
04696
04708
04719
04722
04724
04726
04733
04734
04736
04737
04743
04744
04745
04761
04763
04769
04771
04772
04774
04775
04787
04788
04789
04793
04797
04801
04815
04816
04817
04827
04835
04840
04842
04843
04847
04854
04860
04867
04870
04874
04881
04882
04883
04891
04892
04897
04902
04907
04910
04920
04935
04942
04943
04951
04953
04956
04960
04962
04970
04972
04973
04991
04997
05001
05004
05007
05008
05009
05011
05016
05023
05024
05025
05026
05027
05028
05029
05030
05038
05046
05047
05049
05051
05053
05054
05055
05057
05065
05066
05070
05074
05075
05076
05078
05082
05092
05093
05096
05097
05104
05106
05107
05108
05109
05119
05133
05134
05141
05149
05151
05152
05153
05162
05179
05181
05183
05191
05195
05198
05199
05200
05201
05203
05208
05209
05211
05215
05218
05221
05223
05226
05227
05245
05247
05257
05260
05261
05262
05263
05269
05272
05273
05288
05292
05295
05297
05298
05299
05319
05323
05324
05327
05331
05336
05337
05339
05343
05347
05351
05368
05370
05371
05379
05389
05390
05391
05392
05393
05395
05396
05407
05418
05421
05426
05427
05432
05433
05436
05437
05441
05442
05443
05444
05446
05447
05453
05478
05480
05490
05491
05492
05494
05495
05507
05508
05512
05529
05530
05534
05535
05545
05551
05553
05554
05558
05566
05589
05593
05594
05595
05596
05597
05617
05631
05642
05645
05646
05648
05649
05651
05653
05655
05662
05681
05682
05685
05689
05690
05691
05692
05693
05695
05696
05698
05700
05705
05707
05709
05714
05715
05718
05727
05737
05739
05741
05744
05746
05748
05749
05752
05759
05769
05775
05776
05778
05780
05783
05785
05788
05798
05803
05805
05806
05808
05810
05814
05816
05827
05828
05830
05831
05833
05838
05842
05850
05863
05864
05865
05866
05867
05868
05870
05871
05872
05873
05881
05882
05889
05900
05909
05911
05912
05916
05929
05930
05931
05937
05941
05945
05947
05948
05953
05954
05955
05956
05957
05958
05959
05965
05972
05973
05984
05988
05992
05993
05995
05996
05998
06009
06012
06020
06022
06025
06042
06045
06046
06047
06048
06052
06053
06059
06062
06066
06068
06070
06071
06080
06081
06082
06083
06085
06088
06096
06102
06104
06106
06109
06113
06114
06115
06119
06121
06130
06131
06139
06146
06149
06150
06157
06158
06159
06161
06162
06163
06164
06165
06166
06167
06168
06170
06172
06202
06208
06211
06214
06216
06224
06225
06227
06228
06233
06237
06238
06242
06244
06247
06249
06253
06258
06259
06263
06264
06272
06274
06276
06279
06281
06293
06297
06305
06308
06330
06336
06351
06353
06360
06361
06377
06378
06380
06384
06387
06396
06402
06403
06404
06405
06406
06407
06408
06411
06412
06413
06419
06420
06421
06423
06424
06425
06427
06436
06437
06438
06458
06459
06460
06462
06463
06464
06465
06466
06467
06472
06477
06478
06482
06499
06500
06502
06504
06505
06508
06514
06515
06517
06519
06520
06521
06534
06549
06553
06554
06555
06556
06568
06570
06573
06574
06575
06576
06579
06583
06586
06588
06590
06591
06596
06602
06603
06604
06612
06613
06615
06618
06623
06624
06630
06632
06638
06645
06659
06667
06669
06674
06675
06676
06679
06680
06692
06695
06710
06714
06730
06731
06732
06733
06741
06744
06746
06751
06753
06754
06756
06767
06771
06772
06773
06785
06787
06797
06799
06802
06803
06805
06806
06816
06817
06821
06822
06825
06835
06836
06838
06842
06844
06845
06846
06847
06850
06851
06852
06856
06858
06860
06861
06862
06866
06874
06886
06888
06891
06894
06896
06900
06901
06902
06903
06905
06912
06915
06918
06919
06920
06921
06922
06924
06925
06926
06928
06931
06938
06940
06941
06943
06946
06952
06974
06978
06981
06993
06995
06996
06997
06999
07011
07028
07031
07032
07033
07036
07037
07041
07044
07048
07055
07062
07063
07081
07082
07083
07084
07086
07088
07089
07091
07106
07108
07110
07113
07114
07123
07125
07129
07130
07131
07133
07138
07143
07148
07156
07157
07158
07159
07160
07162
07163
07171
07173
07175
07182
07186
07188
07195
07198
07202
07210
07215
07216
07217
07222
07223
07225
07228
07229
07230
07232
07233
07235
07236
07238
07239
07258
07261
07268
07272
07283
07284
07285
07286
07288
07289
07290
07293
07294
07296
07297
07298
07319
07323
07324
07330
07331
07332
07341
07344
07345
07346
07347
07348
07349
07350
07351
07352
07356
07359
07364
07365
07374
07379
07387
07392
07397
07398
07399
07400
07403
07408
07410
07411
07412
07413
07414
07417
07438
07454
07456
07457
07459
07460
07463
07468
07469
07471
07472
07473
07479
07483
07488
07489
07491
07493
07494
07497
07498
07499
07500
07504
07511
07515
07516
07526
07527
07538
07541
07548
07555
07561
07562
07564
07565
07566
07567
07571
07572
07573
07574
07577
07578
07579
07580
07584
07596
07604
07611
07623
07631
07632
07635
07643
07645
07646
07665
07672
07673
07674
07678
07679
07681
07682
07685
07686
07690
07696
07697
07698
07699
07702
07716
07717
07718
07720
07721
07722
07730
07734
07736
07739
07740
07742
07747
07768
07772
07781
07784
07785
07786
07788
07789
07791
07793
07800
07802
07807
07808
07810
07811
07812
07819
07828
07834
07835
07840
07841
07842
07843
07844
07846
07847
07852
07853
07865
07871
07888
07896
07910
07912
07913
07914
07915
07918
07919
07920
07921
07922
07925
07926
07927
07930
07934
07935
07944
07950
07951
07953
07957
07958
07967
07968
07978
07983
08005
08006
08008
08010
08011
08015
08016
08017
08019
08020
08025
08026
08027
08052
08054
08058
08059
08062
08063
08064
08066
08074
08075
08083
08086
08088
08096
08098
08105
08109
08111
08116
08126
08127
08129
08131
08133
08134
08141
08156
08157
08158
08164
08171
08174
08176
08182
08185
08186
08187
08189
08191
08192
08193
08194
08198
08200
08208
08209
08210
08221
08222
08235
08244
08246
08247
08248
08249
08251
08252
08254
08255
08256
08266
08274
08276
08280
08282
08283
08286
08294
08300
08301
08306
08308
08310
08311
08312
08313
08314
08316
08317
08324
08326
08329
08337
08359
08361
08363
08364
08366
08367
08368
08376
08377
08378
08382
08383
08389
08391
08392
08393
08404
08406
08418
08419
08424
08425
08427
08431
08432
08434
08435
08436
08437
08438
08439
08441
08443
08444
08452
08455
08463
08481
08488
08493
08500
08501
08504
08516
08518
08522
08527
08528
08529
08536
08538
08539
08541
08542
08543
08544
08547
08554
08561
08567
08570
08572
08589
08595
08596
08597
08599
08600
08601
08602
08603
08604
08605
08606
08608
08609
08610
08613
08619
08622
08623
08625
08642
08643
08644
08645
08646
08651
08656
08663
08665
08669
08671
08672
08673
08674
08677
08682
08683
08685
08687
08688
08690
08691
08693
08696
08698
08701
08721
08726
08727
08732
08734
08737
08738
08739
08740
08743
08748
08755
08756
08759
08771
08774
08778
08781
08782
08783
08784
08785
08786
08787
08795
08796
08798
08800
08802
08805
08811
08812
08828
08829
08832
08840
08841
08842
08843
08844
08846
08847
08857
08859
08867
08869
08880
08898
08902
08907
08908
08921
08922
08923
08926
08928
08939
08941
08943
08944
08950
08953
08954
08955
08956
08957
08958
08961
08964
08969
08970
08971
08976
08977
08978
08982
08983
08993
08994
08995
09010
09015
09016
09018
09019
09021
09024
09042
09044
09047
09048
09051
09062
09067
09073
09078
09080
09081
09082
09083
09086
09087
09088
09089
09090
09091
09092
09100
09103
09107
09129
09130
09133
09134
09135
09137
09139
09140
09141
09143
09144
09146
09147
09148
09150
09161
09162
09163
09178
09180
09181
09190
09194
09195
09198
09199
09201
09202
09211
09221
09223
09226
09234
09243
09244
09254
09255
09256
09257
09259
09260
09261
09268
09272
09280
09281
09282
09292
09293
09294
09299
09303
09305
09306
09307
09308
09314
09315
09318
09329
09332
09349
09351
09358
09360
09366
09377
09404
09405
09411
09412
09418
09419
09420
09421
09423
09424
09425
09426
09431
09435
09437
09443
09451
09452
09453
09454
09455
09467
09468
09472
09473
09474
09475
09478
09480
09482
09483
09484
09494
09495
09496
09499
09506
09511
09527
09528
09529
09530
09532
09533
09534
09535
09536
09537
09546
09547
09549
09562
09565
09577
09581
09582
09583
09592
09596
09601
09605
09609
09610
09611
09617
09627
09629
09632
09633
09634
09645
09646
09650
09651
09652
09653
09654
09655
09656
09657
09658
09659
09660
09662
09674
09685
09688
09690
09691
09693
09694
09701
09707
09708
09709
09713
09714
09717
09721
09722
09728
09732
09737
09738
09740
09745
09754
09755
09766
09768
09778
09782
09788
09789
09792
09802
09803
09804
09805
09806
09807
09808
09809
09810
09811
09812
09820
09822
09823
09824
09825
09826
09827
09832
09837
09860
09866
09867
09868
09869
09870
09874
09878
09879
09880
09890
09892
09894
09897
09909
09922
09930
09935
09941
09942
09943
09948
09949
09950
09952
09953
09954
09956
09957
09961
09965
09981
09985
09991
09993
09995
10005
10006
10007
10008
10009
10011
10012
10015
10023
10025
10027
10035
10037
10042
10047
10049
10051
10053
10063
10064
10065
10066
10067
10072
10076
10077
10078
10080
10083
10084
10085
10095
10096
10097
10110
10116
10117
10121
10129
10130
10131
10135
10136
10137
10139
10147
10148
10152
10156
10163
10164
10165
10166
10168
10180
